1518539161.87 10.8856 11.0149670724 13.3663688058 12.0275427897 15.5888026347 16.1770057899 
1518541144.49 10.5704 11.1616 13.6498054475 12.4423380727 14.02700491 15.2656520902 
1518543128.05 10.7362110312 11.0885873903 13.5157809 12.6993840652 14.4664224664 14.9372352715 
1518545113.05 10.5536 11.1394931151 13.955226946 12.4377238361 14.1761700388 14.5730272043 
1518547096.73 10.4332533973 11.2164865946 13.9275332651 12.0443037975 14.1036734694 14.6430086789 
1518549081.11 10.6352565382 11.1453674121 13.954954955 12.1661392405 14.2763561924 14.8955166442 
1518551063.68 10.7547018808 11.350509287 13.893404125 12.1549771508 14.451008352 15.0448335578 
1518553047.25 10.6645341863 11.3528 13.9579162411 12.1664675428 14.4507444422 15.159761033 
1518555030.92 10.7711422846 11.4036770584 14.0874563745 12.8411509657 14.7446504993 15.3660697092 
1518557013.7 10.875424915 11.6683316683 14.1585615039 12.6078665077 14.7072522983 15.4055512722 
1518558996.1 11.0591054313 11.6493610224 14.6978078263 12.9692886863 14.7933782955 15.8614051973 
1518560978.8 11.3004807692 11.7226773227 14.5653869842 12.7897029703 15.3198941153 15.6968177435 
1518562962.36 11.3397358944 11.7462597247 15.0786286184 13.1528523156 15.3404255319 15.8335901387 
1518564945.93 11.5818982779 12.1517874975 14.9297163995 13.059125964 15.6758084323 15.9483721826 
1518566929.06 11.7923737273 12.2891951268 14.7188583078 12.9851396869 15.7085119412 16.4977812078 
1518568912.24 11.5295059012 12.3752 14.7358490566 13.4616911473 15.5705797992 16.6490653305 
1518570894.92 11.942330797 12.4819180819 14.509627202 13.6588469185 15.6637349151 16.6186994998 
1518572877.75 11.7790232186 12.7705835332 14.9564862104 13.880952381 15.4055600981 16.5223420647 
1518574860.3 12.1238761239 12.569261477 15.6480458359 13.712358659 15.380085872 16.9012131716 
1518576842.8 12.0799520288 12.8236468943 14.9804727646 13.8751733703 15.436400818 16.6235067437 
1518578825.44 12.2086330935 12.9583083982 15.3193588163 14.2530287984 15.6884607502 16.7255921433 
1518580808.43 12.3766493403 12.9342657343 15.4205264232 14.2169924212 15.4595701126 16.6454843058 
1518582791.76 12.2919416117 13.0773226773 15.9901639344 14.3990470518 15.7883076923 17.1719352352 
1518584775.44 12.4048809762 13.1096464949 15.7628231432 14.4068403261 15.6046654389 17.1755636924 
1518586759.26 12.8650380457 13.3306661332 15.7378261763 14.7354277811 15.4781896375 16.8772403161 
1518588742.51 12.7798842546 13.198962283 15.909799098 14.4322286168 15.8383673469 17.024296182 
1518590726.85 12.7362110312 13.3703555733 15.924636494 14.8398336963 15.5845964769 16.9811029695 
1518592710.56 13.0691798677 13.3779291007 15.6804902962 14.650669866 16.0082678793 16.4412729026 
1518594694.57 12.9094551282 13.307753797 16.2320261438 14.7688 15.4462793068 16.5835421083 
1518596678.31 12.6420545746 13.4821643287 15.9534978585 14.087995222 15.6022913257 16.7721055673 
1518598663.24 12.827558582 13.8496692724 16.752206939 16.0102929533 16.3294701987 17.2547660312 
1518600647.62 12.1163723917 12.7290876422 17.2863473307 14.2641061176 15.6234429242 16.7706563707 
1518602631.33 10.9770068576 13.2779116466 18.0737704918 14.6433260394 15.7575510204 17.0527938343 
1518604613.99 11.5319662244 13.5466237942 19.918200409 15.8080063732 15.9623952585 17.3600926283 
1518606596.68 11.8151125402 13.4368854104 19.5783452503 15.9281293671 15.9918864097 16.9944069431 
1518608579.47 11.8095238095 13.3389728097 19.2149837134 15.3612979818 16.3362579065 17.1586260131 
1518610563.11 12.1360160966 13.2572347267 19.913575214 15.1865479723 16.4514030094 17.1310717039 
1518612546.43 11.9131832797 13.3373469797 19.6154161542 14.5660828025 16.2021924482 17.2304725169 
1518614529.24 11.7446637133 13.4858518964 19.7835638731 15.1161585973 16.3832042397 17.3135478898 
1518616512.32 12.0702037523 13.4184 19.102642901 15.0691426314 16.5568788501 17.3233140655 
1518618499.82 11.6427419355 13.2725819345 19.3950617284 14.6719745223 16.9495157634 17.0054012346 
1518620486.7 10.6992329431 13.2271268058 17.2263255622 14.0595947557 16.2220387949 16.9141092453 
1518622956.92 12.4412238325 13.0440677966 17.6132868567 13.5763546798 18.377563045 16.9322108994 
1518624939.8 11.9524576954 12.8638535032 18.359080555 13.842346837 16.3352553542 16.3402121504 
1518626923.22 12.1599678457 13.1034482759 18.1157436217 13.4216194655 16.3047068538 16.6548399537 
1518628906.61 12.0885668277 13.0849490306 18.3850777202 13.6857142857 16.3378656778 16.4719057733 
1518630889.98 12.4113503723 13.5216437263 18.9611890999 14.0806642942 16.5541125541 16.6815556411 
1518632873.78 12.2233828847 13.4404809619 18.1036547594 14.0 16.5137311584 16.9689967264 
1518634857.91 12.3776167472 13.3600320384 17.8322686998 13.7324388319 16.6817434211 17.0317857831 
1518636841.86 12.4257883109 13.284059129 18.784548647 14.0347277032 16.4486676307 16.7717810332 
1518638825.54 12.5447596057 13.3734697973 18.0433794671 14.4321449675 16.7135491854 16.774889274 
1518640809.71 12.3747486932 13.3007804683 18.7607032058 14.3949496942 16.903572166 17.1856126178 
1518642793.28 12.6100603622 13.5511511512 17.7403826373 14.577936225 17.0150360453 17.3854146623 
1518644776.72 12.473187387 13.5636509207 19.4340012394 14.5249801745 17.0002063132 17.5044247788 
1518646760.1 12.7619047619 13.6199076861 19.2460301093 14.3616265298 17.1837492266 17.4911470362 
1518648743.49 12.966706779 13.7616580311 18.106557377 15.1272294887 17.7031991744 17.6104897802 
1518650726.65 13.2427652733 14.1811623246 19.1243331966 15.2928571429 17.6966199505 18.1109399076 
1518652709.74 13.4463640016 14.2344 19.5684749232 14.9282634261 18.1271343345 18.4819091609 
1518654694.23 13.7557251908 14.4220844169 20.0336686512 15.8775750441 18.4080708256 18.8430579626 
1518656677.92 13.1218039058 14.2113041742 20.3410725293 16.1656380649 18.283483977 18.4804469274 
1518658661.85 13.6586151369 14.3800995025 20.437589965 15.9984208448 18.4379772962 18.7761711972 
1518660645.66 13.5098591549 14.6358012373 20.6694180768 16.1446825241 18.3258496395 18.9306625578 
1518662629.85 13.8411421677 14.6901239504 21.4516062176 16.8452166966 18.3731189445 19.0810706721 
1518664613.03 13.9629927595 14.7457694605 21.1391054575 16.8125123738 18.4286892003 19.0038520801 
1518666596.1 13.9782696177 14.6137270551 21.9131872675 16.8104265403 18.5626672155 18.8403005201 
1518668580.9 14.0160836349 14.9916301315 21.7253448631 16.6484126984 18.4026457214 19.2047821057 
1518670564.67 14.2334739803 15.0053795577 22.2603672375 17.1958028113 18.4640065817 19.3612928049 
1518672548.03 14.1629450815 14.9387103214 21.9382207578 16.9642573471 18.4230452675 19.2777028329 
1518674531.4 14.3391671696 15.0195296931 21.4094374614 17.3505872984 18.0489208633 19.3167916907 
1518676515.35 14.4842868654 14.8549740312 21.081147541 17.1203795216 18.6587268994 19.0219146482 
1518678498.6 14.3785743053 15.1269683078 22.4 17.2223101266 18.3930921053 19.419988446 
1518680483.22 14.5160771704 14.9706762418 21.8697444353 16.9049881235 18.0478234212 19.185840708 
1518682466.91 14.2891614719 15.1714797849 22.4298679868 17.523015873 18.1652049765 19.2349096501 
1518684451.04 14.2507030936 15.2794733692 22.249382716 17.1347912525 18.0682607807 19.498265896 
1518686438.36 14.2985915493 15.0564677613 21.9448105437 17.8143593812 18.2000820008 19.1393962699 
1518688421.92 14.0727638191 15.0597641415 21.7332242226 17.2341860004 18.0625638929 18.8991531948 
1518690405.42 14.2245472837 15.1669329073 21.6670776819 17.4431279621 18.1212121212 19.1535205848 
1518692390.42 14.4340836013 15.241324292 22.3957263201 17.4508180564 18.0502964629 18.8921417565 
1518694374.16 14.2776773157 15.2397287595 22.3217014247 17.690085098 18.1592121461 19.1377521614 
1518696357.8 14.1118712274 14.9854668525 21.9122554068 17.9402335246 18.0566037736 19.322568243 
1518698342.04 14.2417052081 15.0099720782 22.0740740741 17.3602693603 18.0694728239 19.3804012346 
1518700326.37 13.9232160804 15.1057040287 22.0677126342 17.6424581006 18.6754748142 19.2629558541 
1518702310.13 14.0275944811 15.0290720828 22.6039054471 16.7794871795 18.5741350906 19.2387916105 
1518704293.68 13.8737221888 15.0617382617 21.2784184514 16.7848401105 18.5253190613 19.261799268 
1518707101.7 14.1269076305 14.7972139303 21.5550142103 17.6639503298 18.6674881906 19.8302285385 
1518709085.84 13.7898957498 14.9575274177 21.3092105263 17.8264984227 18.5545529122 19.5403008099 
1518711069.05 13.541975556 15.0197565356 21.1126209594 17.2489683631 18.6141215107 19.3858601426 
1518713053.07 13.6932613477 14.9322202345 21.3105154639 17.6723967595 19.1041709472 19.6817568869 
1518715037.26 13.7547509502 14.8500994036 21.8181818182 17.6034858388 18.892130676 19.473178235 
1518717021.33 14.2383336671 15.3566878981 22.1997948718 18.3943049239 18.9542268041 19.7333847043 
1518719005.71 14.2461046744 15.4474522293 22.7723260111 17.3207100592 18.947628866 19.6371324236 
1518720989.63 13.9502806736 15.2149681529 23.0004106776 17.0702787593 19.1110193974 19.5954536698 
1518722972.88 14.0668401041 15.2647527911 23.2026170517 17.4886095837 19.0449114133 19.5780169101 
1518724957.76 14.1250749251 15.1188336329 21.8842772439 17.3496641644 18.99097621 19.5152914022 
1518726941.94 14.1895829176 15.1897926635 22.1898708222 17.3481100336 19.2506705178 19.6434882828 
1518728925.62 13.9228154369 15.2337714058 22.5619732785 17.600316268 19.372419488 19.8599191841 
1518730908.75 14.3827407111 15.2204268901 22.9594095941 18.1169011294 19.287772746 20.0753121998 
1518732892.26 14.499096567 15.3645604943 23.2266775777 17.6756226711 19.5757325629 19.8246828143 
1518734875.18 14.4784 15.4132165605 23.7104183757 18.4026740071 19.8769611891 20.0814757879 
1518736859.88 14.7233532934 15.8963937039 23.1136596355 18.3438485804 20.0700741962 20.8129205922 
1518738843.53 15.0456730769 16.0771371769 23.3485502776 18.8138203356 20.6787033238 21.0587783327 
1518740827.0 15.4294833433 16.3469591226 25.7070957096 20.3364779874 20.893660954 21.3649143077 
1518742810.59 15.1888223553 16.053968254 24.9854597583 19.1158392435 21.0464972102 21.7347174164 
1518744793.95 15.1516606643 16.2322067594 24.8554487835 19.8721893491 21.1426219387 21.6193771626 
1518746777.26 15.5928 16.5817317218 25.6192236599 19.9254317111 21.6648113791 21.4350499616 
1518748760.76 15.6935387077 16.7116223721 26.5204018864 20.2228346457 21.3022488137 21.9523443505 
1518750745.25 15.8665334665 17.1546555489 26.493741022 21.0294991091 21.4743351886 22.0622358817 
1518752729.27 16.1224244849 17.023681592 27.1613035458 21.0244865719 21.3259121831 21.7704160247 
1518754712.89 16.3604254465 17.0429252782 26.6447638604 21.0958472742 21.2103960396 21.7664739884 
1518756696.84 16.2846832398 17.193875522 25.5348646432 21.2268041237 21.539979445 22.1120739457 
1518758681.2 16.2670408982 17.3351877608 26.2065017379 21.065664557 21.5060963009 22.1210485736 
1518760665.4 16.7146581111 17.6162097735 25.7401268672 21.0532124557 21.2743726861 21.8284615385 
1518762650.0 16.7866613098 17.3542120912 26.0524468305 21.3820202421 21.3853135314 22.008844453 
1518764634.46 16.6796545491 17.5021834061 26.2192173735 21.7407407407 21.5269127655 21.9661277906 
1518766619.38 16.5531914894 17.35080405 27.739542551 21.4889415482 21.257378741 21.6763517414 
1518768604.09 16.6665329858 17.5027799841 26.7264904733 21.4895463511 21.6071059698 22.0327489886 
1518770587.8 16.7675306409 17.5236204843 26.5235945835 21.6226265823 21.5071031501 21.7168175689 
1518772573.04 16.5490668272 17.9474940334 27.3889117043 21.5355524916 21.2863036304 21.8968040046 
1518774556.23 16.5413654618 17.4936507937 26.8849774867 21.8043222004 21.2871001032 21.8060792613 
1518776539.5 16.7037630104 17.6476209437 26.654404251 21.5157728707 21.469874563 21.5953846154 
1518778523.46 16.7086172345 17.8522206732 25.8274236524 22.0181531176 21.4183168317 21.9892349097 
1518780507.32 16.75 17.7910685805 27.5659872349 21.2552103814 21.0837965823 22.0334808543 
1518782490.19 16.5212169736 17.6601073345 26.9376782077 21.8751481628 21.3657731959 22.2385532897 
1518784473.02 16.4500500501 17.9785544083 27.0577197634 21.8526979126 21.202970297 22.3541185527 
1518786456.01 16.532639167 17.5620031797 26.1679639492 21.6412078153 21.5249845774 21.9240994028 
1518788438.89 16.3325986776 17.5202050069 26.3140906269 21.5737192022 21.4120541205 22.4107279693 
1518790422.14 16.5294825511 17.3582972014 26.4723201327 20.9496683574 21.404027949 22.0861244019 
1518792404.89 16.4058552236 17.49970385 26.246064623 21.4430973797 21.686974359 21.9931034483 
1518794387.51 16.5930979133 17.4566201062 27.0095475301 21.143748781 21.9054665023 22.3455417066 
1518796371.32 16.3306581059 17.6826335502 27.9883478985 21.0311459354 21.8207294457 22.2384969325 
1518800339.4 14.8645833333 16.9269740748 23.7756543415 19.1485535575 24.6992745144 23.6643356643 
1518802321.38 15.4407221665 17.7926394935 23.4683753617 19.945482866 21.7962075432 22.4174214685 
1518805309.74 17.6274038462 18.3624531651 27.6812487164 21.6853106251 22.3159198844 23.4194785276 
1518807293.68 17.1369178493 18.197750148 27.6981751076 22.4776759602 22.7337057728 23.1298003072 
1518809278.36 17.0394710479 18.2331820872 28.5337726524 21.5741281901 22.7310231023 23.2830333206 
1518811262.8 17.3711093376 18.4407985768 28.0889254837 22.0985529918 22.9688338493 23.1315688531 
1518813247.49 17.5038914388 18.8932806324 29.1328237967 22.9446841899 23.567768595 23.4552081335 
1518815232.16 17.6393836302 18.9313338595 29.0331343898 22.4972634871 23.4182722188 23.8879723768 
1518817216.06 17.8254764293 18.6953603159 30.0057330057 23.2668104293 23.9743642754 24.2652825836 
1518819200.31 18.0179892065 18.9579632919 30.4065911432 24.114330462 24.1611903286 24.0306689668 
1518821185.0 18.1015593762 19.3385951066 29.6924022118 23.5847804878 24.5035080479 24.869765655 
1518823169.62 18.5400877543 19.3861932939 30.8804592987 24.3981154299 24.7600577677 24.8707326429 
1518825154.3 19.0930558335 19.8196559225 31.3783063359 24.6102754444 25.1323255332 25.6561780507 
1518827139.72 19.4321185423 20.4007127302 32.2331136738 25.4543316347 25.5996688056 26.1148013054 
1518829124.74 18.6701402806 19.8105387803 32.5516956162 25.3842854358 25.4443758997 25.8260034569 
1518831109.11 18.9755902361 20.1485285404 31.6214876033 25.5981308411 25.6948453608 26.028049952 
1518833094.04 19.6317053643 20.4257503949 32.2850061958 25.7128365197 25.4465279209 25.8028385117 
1518835078.38 19.7435897436 20.9017203876 31.6532839201 26.1374343002 25.4904537056 26.2059162505 
1518837062.53 20.0088141026 21.474100435 31.9735263702 26.8236211265 25.7237841166 26.0207452939 
1518839047.44 19.9118236473 21.2242161309 32.0661157025 26.9530148786 25.4058919804 25.7263643351 
1518841032.91 20.2960288809 21.1471400394 32.2922790313 27.7892271663 25.688269073 25.7466410749 
1518843017.49 19.9543726236 21.4925845363 33.2945816898 27.8014849551 25.4071340713 25.7943494138 
1518845001.25 20.0392392392 21.7192497532 32.3280445086 26.8729109988 25.7336621455 25.5581127733 
1518846985.56 20.1236203091 21.6221782178 33.2235004108 27.4152046784 25.6592775041 25.5178777393 
1518848969.66 20.2048819528 21.5024698676 32.9398138573 27.1582241346 25.4543960559 25.9047984645 
1518850953.49 20.1434007611 21.682464455 32.7145518526 27.7099415205 25.5474332649 25.9127426485 
1518852936.99 20.3163388198 21.5684418146 32.7973559182 26.8555815769 25.5860226105 26.0884275279 
1518854920.66 20.153075536 21.68121667 32.2706148468 27.3569333073 25.755715757 25.3917387128 
1518856904.24 19.9454034524 21.8723572417 33.1111111111 27.3234951456 26.1142503609 25.9419565635 
1518858889.01 19.9871743487 21.6694345591 33.1107451626 27.447337738 25.6215106732 25.2172910663 
1518860873.04 19.9270248597 21.871886121 32.8001644737 27.982869379 25.5152263374 25.8069230769 
1518862856.92 19.8468630988 21.8699960365 32.8892568826 28.3431027745 25.3639909669 25.7506243996 
1518864841.36 19.5196471532 21.7434885556 32.2617822597 28.0474339036 25.5136466243 25.3384467881 
1518866825.81 19.5466559872 21.6771902131 32.6183017312 27.0331642606 25.5509868421 25.9558117195 
1518868809.68 19.8091801964 21.8163144381 31.6826186037 27.8342130987 25.7522015155 25.5485857225 
1518870794.05 19.5822328932 21.8161648177 32.841367944 27.8983183418 25.732405892 26.0676142912 
1518872778.63 19.7239719157 21.8975677279 32.9045848823 27.1628087921 25.6251283104 25.8684059083 
1518874763.12 20.0689240633 21.9363258849 33.3737874097 27.6184184962 25.8016460905 26.3123919308 
1518876747.93 20.1017628205 21.9790389559 32.8824623012 27.3939631517 25.4922918808 26.2631781454 
1518878732.61 20.2576760987 22.0570071259 33.7700578991 27.45518591 25.9573070608 26.8540706605 
1518880717.87 19.9943887776 22.0800316957 33.3438016529 27.5133762937 25.6134868421 26.7567152724 
1518882701.94 20.072887465 21.9028436019 34.3392967304 27.5485503016 26.1367837338 27.2247406838 
1518884687.36 20.2736208626 22.1040553907 33.8876033058 27.4901424946 26.1111338938 26.4988470407 
1518886671.63 20.0096385542 22.5120696478 33.8293035751 28.6193548387 26.2314662273 27.0656147778 
1518888655.3 20.1036144578 22.6959446093 34.6807104502 28.726354632 26.9185185185 27.2213476675 
1518890639.06 21.8539123474 23.3914421553 34.2240459581 28.9133489461 27.2009946125 27.4392307692 
1518892624.67 22.032826261 23.6140767102 35.223069001 29.5915822292 27.7007874016 27.8431674034 
1518894608.86 22.2997995992 23.718065153 35.319288198 30.0743948042 27.5339403974 27.8138461538 
1518896593.0 22.0192076831 23.6240126382 35.3104575163 30.1258356272 27.652173913 28.2520169036 
1518898576.8 22.140224359 24.012643224 36.3449121373 30.2659095359 28.2135761589 28.5518035303 
1518900560.62 22.219463356 24.062512364 37.0592105263 31.0690196078 28.6630794702 28.9366602687 
1518902544.77 22.4109039888 24.27894113 37.6320196038 31.3586828695 28.9561983471 29.6516228154 
1518904528.8 22.5242874348 24.7489630654 36.9015120556 31.1858128079 29.7306495123 29.8624663849 
1518906512.99 23.1493975904 24.5766192733 38.1026694045 31.8321239459 29.5708669563 30.2959399654 
1518908496.87 22.9759229535 25.1887201735 37.4993885039 32.7884425094 29.9888498864 30.0257345881 
1518910481.73 23.5062124248 25.2624505929 38.0842191333 33.5973074639 30.1583505155 30.4372842348 
1518912465.88 23.5846863099 25.7388207361 38.8733428513 33.7201338319 30.7796610169 31.1910974674 
1518914450.04 23.2845398035 25.4218533887 37.9150071854 33.3268063442 31.1111111111 30.8 
1518916434.23 23.4179194227 25.2308907762 38.4984564725 33.1649726349 30.666941128 31.4291202459 
1518918417.6 23.7604646505 25.880126183 39.0 33.5973286191 30.7075277664 31.0157874471 
1518920401.17 23.9343343343 25.9424945469 38.5879934211 35.242221347 30.6814268143 30.9896273531 
1518922384.74 24.0208709613 26.2924901186 39.157938315 35.1445358402 30.9103647229 31.2803379416 
1518924368.78 24.2003205128 26.5091988131 39.4450628736 34.8724409449 30.700903862 31.5402916347 
1518926352.86 24.3738991193 26.2683023348 38.9517698199 35.3606589527 30.8768472906 31.2424126008 
1518928336.53 24.2372745491 26.4688615629 39.1079909147 36.120188531 30.859134714 31.1277617675 
1518930320.11 24.0072057646 26.5308544304 39.163538874 35.4542963398 30.9305384299 31.0243715218 
1518942704.38 26.7979899497 26.2136684996 35.8233258701 35.1526778577 36.2251908397 31.6023933604 
1518944692.69 26.2906602254 26.5186640472 37.8998357964 35.4135960591 30.9486133768 31.3508940588 
1518946676.81 26.2546771273 26.5420414548 38.1416291445 37.434215725 31.5113381001 31.907012488 
1518948660.13 23.9959774739 26.463467189 37.7788697789 37.512214342 31.154964176 31.6832596579 
1518950643.55 23.7998794454 27.0957613815 38.4667760459 37.466273353 31.4152334152 31.4426292524 
1518952628.12 24.0008035356 26.7355646898 38.5761181781 37.8760574464 31.0331559558 31.3018069973 
1518954611.48 24.5320990139 26.8083447066 38.7025030776 37.4203470032 31.0555555556 31.384319754 
1518956595.79 25.0136765889 26.9341668295 38.219852338 37.3891509434 31.1266802444 31.3714175803 
1518958580.68 24.2308001608 27.2109803922 38.4964307567 37.2042502952 31.1402251791 31.6717909301 
1518960564.85 24.405541056 27.0620959843 38.7525646286 37.7299861633 31.1993464052 31.477124183 
1518962548.18 24.5967028548 27.0369206599 39.3638791864 37.9550827423 31.2738436349 32.0284505959 
1518964531.17 24.8980904523 27.134498331 39.0543366824 37.3553588987 31.2034278719 32.2804456396 
1518966514.92 25.3861625101 26.9149479474 39.0312436185 37.9702427565 31.0395434162 31.7825585862 
1518968499.11 25.3512970038 27.5808477237 38.7593275933 38.0086105675 31.6464811784 32.6933435937 
1518970482.35 26.0068396701 27.2117531832 38.6287816844 35.8792866941 31.3775593776 32.9802037286 
1518972465.43 25.4385188167 27.5705593719 38.7461835945 36.1199529596 31.6319771008 32.9668976135 
1518974449.83 25.1250251661 27.8828386082 39.4281018899 36.3796822906 31.8308478039 33.4030769231 
1518976434.12 27.1206757844 28.8205530496 41.6004906972 38.17196702 33.166735282 34.4589344105 
1518978418.12 27.5350331259 29.0290196078 41.8462793068 38.3903785489 33.0494233937 34.0776923077 
1518980401.85 27.761109994 29.5644339992 42.0427437411 38.3120204604 33.5993384329 34.6392465885 
1518982385.23 27.8401606426 29.5284872299 42.8740801308 38.6878058328 33.6256684492 34.8394539512 
1518984368.18 28.063428342 29.8539259839 43.5608961303 39.0469851214 34.2148148148 35.889894129 
1518986350.68 28.5493665795 30.0152671756 45.0729718712 39.0159668835 35.2008238929 36.264666282 
1518988335.19 28.3020080321 30.3766868766 43.1346075641 39.6721698113 35.5935430464 36.4694583173 
1518994292.43 26.9925925926 32.7243837849 39.9159456119 37.4172917489 40.2691292876 42.4771484802 
1518996275.34 26.1785283474 30.9791748527 40.3366619116 39.0987242395 36.0458619971 37.5936777178 
1518998258.41 26.4432388989 31.0292788367 40.5188968335 39.4413495488 36.1246105919 37.2212798766 
1519000241.56 26.7175572519 31.2248183782 40.9426179293 39.7629687196 36.4934796108 37.9487772001 
1519002224.3 25.910483871 30.7499508937 39.9016060175 39.356348742 36.0074380165 37.7687127189 
1519004213.07 25.6045061356 30.9522499509 40.7998360992 39.896389325 36.6251032205 38.0323325635 
1519006197.12 26.6707021792 31.2697160883 41.0756646217 40.3202805377 36.6680395387 38.0612127045 
1519008180.75 26.5217741935 31.4580392157 40.9752505625 40.9073132577 36.4785123967 38.0069337442 
1519010164.69 26.6996779388 31.7587979439 41.0390353566 41.468097561 36.5988771054 38.1573984991 
1519012148.66 26.7804387201 31.7906747983 40.7957472909 41.8178970041 35.9718659495 37.8278656889 
1519014132.84 26.9028617493 31.995280236 41.061157701 42.0795321637 36.4170812604 37.6680193237 
1519016115.7 26.3789007449 32.089976322 40.6895424837 41.7477477477 36.0979253112 37.8961590427 
1519018098.75 26.5180116724 31.6279984271 40.455104551 41.964761159 36.1668395933 37.5520431766 
1519020081.64 25.9931520645 31.984261263 40.4228174198 41.5143582731 36.3681695408 37.3279320988 
1519022065.06 25.8654311039 31.9795476893 40.5125484595 41.2298039216 36.3213250518 37.618385477 
1519024048.43 26.2959677419 31.9457333858 40.3335382094 40.9709803922 35.9504132231 37.7035748792 
1519026031.99 25.5539858729 31.9339103068 39.289597384 41.8559371933 36.2578498648 37.3557098765 
1519028015.93 25.1105294947 31.5124827993 39.3161001425 41.462992126 36.3831640058 37.2098050569 
1519029999.97 25.4697824335 31.2919449902 40.1902809104 41.0466483732 35.9354304636 36.6973608168 
1519031984.01 25.2010485985 31.6101196313 38.8525993884 40.6627680312 35.827027027 36.4977846272 
1519033968.65 24.8488512696 31.8312302839 39.4957090315 41.1189583744 36.1997927461 36.5738526803 
1519035952.61 24.687851971 31.4540806293 39.4249436822 41.2451115939 35.4198599094 36.8762051678 
1519037935.88 24.7513589692 31.9462875197 39.7980710035 41.416168857 35.2220168412 36.5712077295 
1519039921.68 24.0933789495 31.6956949086 39.4669946699 41.0801821422 35.9045856467 36.6875842156 
1519041905.43 24.4998993761 31.9622493118 39.042092358 40.9901146698 35.1051656719 37.2059447983 
1519043889.36 24.7245677523 31.8922320551 39.6145171212 41.9172441101 36.1983947314 36.8888888889 
1519045872.46 24.2006042296 32.13744355 39.2858312858 42.2730308387 35.9614438064 37.8045866256 
1519047855.87 24.8376584188 32.4614779874 39.3880229696 41.1237194641 36.8418020983 38.7865947612 
1519049839.97 24.3252818035 32.3404926108 38.7602291326 41.6381631037 36.5987234919 38.2065238371 
1519051823.97 24.0660624371 32.6366863905 39.7009953281 42.5047169811 36.7652102899 38.6201580266 
1519055793.38 25.7567458719 33.2075620323 38.6104746318 41.1500990099 37.1358639286 39.0762695501 
1519057777.49 26.4020887728 32.9448384555 38.7969067969 41.3488555643 37.4288052373 38.8816955684 
1519059762.05 25.2813191233 33.2168080489 39.2519459238 41.5023474178 37.2219256826 39.3204930663 
1519061746.68 28.0714429059 34.7680846893 40.8960456584 42.4821358461 38.2990115321 40.2337113204 
1519063731.26 29.0280898876 34.7446057277 41.4296763688 43.6079668704 38.7882762861 41.4784946237 
1519065716.51 29.5791164659 35.140398905 42.4034090909 44.8025152289 39.5322646938 41.7259430331 
1519067700.6 30.1046301864 35.674427705 42.3547139076 44.7613055446 39.7848049281 43.1021194605 
1519069684.45 30.0008045052 36.4179221287 42.5236260393 45.3526987242 40.6154476542 43.0567416811 
1519113708.21 37.8241670012 42.230965965 52.2195121951 55.6113424549 43.9835289273 48.3796296296 
1519116401.22 38.5502815768 41.8615023474 52.853485064 55.8665086888 46.1381965552 51.8872113677 
1519118384.34 37.7932972105 42.5423061787 54.0524375256 57.6047904192 45.9305301645 50.0796613431 
1519120368.54 38.0651387214 42.5916158237 54.800902194 57.6465431361 45.9347737464 49.1074316519 
1519122354.04 37.6825205699 42.5571962985 55.0022564103 57.7228315055 46.0713266762 49.1609173251 
1519124338.59 37.7433628319 43.2550415184 54.6677458519 57.3482696539 45.5575364668 48.6643518519 
1519126322.88 37.3560956015 43.225678621 53.5917207792 57.5827854154 45.6400486421 48.410731519 
1519128307.01 37.014889336 43.373685255 53.7198538368 57.0506581572 45.6885644769 48.8725868726 
1519130290.78 36.9921671018 42.8863860897 53.1831673104 56.117553614 45.7554833469 48.3620223852 
1519132274.41 37.6149818768 43.5518606492 53.3617021277 57.6705133307 46.0831474346 48.2491803279 
1519134258.03 37.2906602254 43.6292335116 53.7998379254 57.0461294793 46.0360981545 48.6476263991 
1519136242.58 37.4725407363 43.540166205 53.075732899 57.4629519858 46.4694664232 48.7498069498 
1519138226.84 37.2965794769 43.6504854369 53.7566524477 57.8230264466 47.1060544494 49.3964085731 
1519140211.9 37.7669746886 43.934322453 54.7518307567 58.4186230026 47.9170056957 50.1509361127 
1519144182.73 33.2049939589 47.2963796277 46.2709939148 53.0626984127 47.2240802676 49.750966744 
1519146166.01 30.4415793715 43.1321577175 47.3340101523 52.7104642014 47.971086328 50.2687258687 
1519148149.92 34.2380092314 44.7748318164 48.6514077375 54.1136363636 48.5709598031 50.9888246628 
1519150363.1 41.9092733842 45.976284585 58.2771084337 60.2526480973 50.9728415079 61.3014950166 
1519152346.47 41.2380570052 46.5401344405 57.592920354 59.2347826087 50.7918864097 54.1503469545 
1519154330.53 41.8965102286 47.065664557 57.6846388606 60.8222885572 51.698390055 55.1399343756 
1519156315.47 42.3955074208 47.6037959668 58.2703793382 60.9608850257 52.397965412 56.0940632228 
1519158299.48 43.2797917084 47.552829442 59.8716751269 62.1879460745 52.847649919 57.3281883079 
1519160284.55 44.0280898876 48.2910094637 60.5932237776 62.9646873151 54.3046573114 58.7065406135 
1519162269.54 44.5173450973 48.9788328388 61.8176638177 63.6148501092 54.5324384787 59.2175756408 
1519164254.8 45.4248339706 49.9797739441 62.4962467032 64.7870662461 56.0545936036 60.1396874397 
1519166240.24 45.4404809619 50.4995056358 63.289014998 64.995256917 56.455954323 61.338996139 
1519168226.3 46.3026896829 50.874753062 62.2531338455 65.6174906441 57.6193771626 61.8414045919 
1519170212.25 46.8213141026 51.9088748019 64.7286758733 67.1971354685 57.788961039 62.3266563945 
1519172196.43 47.7529081428 51.6974723539 63.8346774194 68.2230541872 58.8663406683 63.4185463659 
1519174190.59 45.8278358809 51.2644316604 63.3327941771 67.5431754875 58.2162710489 62.4401157184 
1519176175.67 45.5773630343 51.2004749654 63.9959357854 67.1239307738 58.7984574792 62.467477321 
1519178160.59 45.5790954774 52.3774480712 65.0386650387 68.1611750695 59.0309194467 63.0368512445 
1519180145.24 46.2404174192 52.3590963139 64.8130346232 68.2708251086 60.1411092985 63.2523148148 
1519182130.61 47.5192926045 52.7988958991 66.6067597652 69.1165741475 59.6453121822 62.7895853423 
1519188090.47 43.7115669275 51.4836666007 67.2981192477 65.7382364571 59.4258293344 70.2247814033 
1519190075.43 42.2556026651 51.4818775995 62.7598784195 65.0696664693 58.6770940523 59.2413261372 
1519192060.47 41.2796456614 51.7416286903 61.6132418248 65.3510301109 57.941443299 58.3030069391 
1519194045.65 41.2443009885 51.7832042883 61.7645871189 64.6409800435 57.0867052023 58.1869447663 
1519196030.92 40.4368187323 51.4527481218 61.3449463237 64.570861453 56.7236679058 57.0603431656 
1519198015.8 40.5383840419 50.9760063454 61.0352084176 64.2795104619 56.7794786926 56.6453106909 
1519200000.61 39.7049839228 50.9002182107 61.0803155978 63.3355717954 56.3495065789 56.1288828864 
1519201985.99 39.3655783958 50.9365079365 62.1710579651 63.4029260577 55.7641723356 55.6945033751 
1519205960.04 38.5694193289 48.7931175748 53.9250814332 60.9268388878 53.8840639934 54.1693999614 
1519207965.67 38.7009853207 48.8037862355 55.0102265891 60.8085190298 53.8139917695 54.6473877 
1519209947.08 38.0124573036 48.4773532887 53.0766760337 59.9687072169 53.0534979424 54.5018378797 
1519211928.76 37.3228789706 49.0711330049 53.458417035 60.2345533255 53.0948844884 54.0328629422 
1519213909.94 37.5563139932 49.018339578 52.5136655949 59.9356484206 53.2720558063 53.3569776407 
1519215891.23 37.1656268867 48.6695549429 53.0798387097 60.1458415451 53.4766201805 54.0081128066 
1519217872.49 35.6099718536 49.0226690321 53.0519975908 59.9960668633 53.4436460686 54.4571428571 
1519219854.36 35.2756474603 49.4986204178 53.6594202899 60.126647001 53.5856819584 54.6195169082 
1519221836.55 34.8362760835 50.9135412554 53.0917135961 60.8474109077 54.2508782806 55.9938176198 
1519223817.64 36.6748441585 50.77257459 53.5815446339 60.5787000783 55.2599958566 56.5055072464 
1519225798.12 37.227929374 51.12164297 54.2607293975 61.4353541299 55.7471502591 57.2306504536 
1519228264.19 46.6953203455 53.5992125984 61.8787635488 68.2839264763 58.1223491028 70.908411215 
1519230265.07 44.7327568872 53.8752214131 63.1452784504 68.605461021 58.1657142857 62.9642512077 
1519232248.81 45.3659711075 53.8846683724 62.0710415412 69.3301737757 58.5412244898 63.1799033816 
1519234232.96 45.5660225443 53.8659327698 63.1740008074 70.2775382203 59.32137031 63.9050559629 
1519236217.08 48.1700080192 55.5151990586 64.2102272727 71.2488151659 60.652244898 65.3670592779 
1519238202.01 50.6439454691 56.4981368896 67.6662616444 73.3911671924 62.6772810778 67.5447530864 
1519240185.81 49.9330795432 57.2201134807 67.7270702571 75.0508474576 62.5676500509 68.7441142416 
1519242169.86 51.5005019072 58.4087963872 64.8489499192 74.9368483179 63.5259077927 70.5697719366 
1519244154.0 52.1649319456 59.1573584166 66.8828172435 76.4232217159 64.9359787278 72.9915057915 
1519246139.42 53.5870088212 60.5876814437 70.258103483 78.1060546102 65.854716595 74.0371229698 
1519248123.23 54.293717487 61.4374264417 69.5312 79.6528599606 67.0887936314 75.7030162413 
1519250107.82 54.6308617234 61.7169700528 70.2820358077 80.5541740675 68.1220811143 76.6807031099 
1519252092.99 56.3152195709 62.7155747352 72.779757085 80.7648680583 69.3074089235 77.7603401624 
1519254077.73 56.8739226298 63.3062904174 73.549426213 81.5697994495 70.057727738 78.3302397525 
1519256062.56 58.3319967923 63.8361105666 73.7386731392 81.9165682802 70.8431372549 79.5334105832 
1519258047.42 59.1940657578 64.761044571 75.2108020959 84.0501174628 71.8764573532 80.7298706314 
1519260031.94 56.6019690577 63.5992125984 75.0694304689 82.7928247585 71.4408866995 80.0 
1519262016.37 56.9301204819 64.2492113565 74.6529376136 83.0707389163 70.7045129671 79.4528593509 
1519264000.85 57.1702426308 64.9490057098 74.9997993177 83.5620208374 70.9187423438 79.244057971 
1519265985.47 58.1379863618 65.6075724709 74.8098035244 85.5376725838 71.0783070947 79.2670278638 
1519267969.98 58.4736630478 65.8276474068 75.3219789132 85.775138559 71.162638263 78.7743431221 
1519269955.05 57.9131134352 66.4247438928 75.8878127522 85.12214342 70.3081645181 78.3199381762 
1519271940.24 58.0909090909 66.1825349892 75.9975782038 85.1435303358 69.9241958615 78.2920131503 
1519273924.68 57.192431562 65.9475448629 75.2133790046 84.538733779 68.3862520458 76.8502415459 
1519275908.38 56.227929374 65.0539206004 74.3281533804 84.2419006479 67.8929519918 76.5668986852 
1519277893.5 56.8375828147 65.1808846761 73.2752571083 83.4728378113 67.9417913507 75.4428322693 
1519279878.38 55.7639502208 64.9473476632 73.6444354348 81.974015748 66.9179655455 74.2162894177 
1519281863.17 54.9580910367 64.6305807981 72.195102206 81.6162172801 66.4637443671 73.5486366273 
1519283847.77 54.5129544085 63.9786982249 71.4073175662 81.4631828979 65.3216326531 72.6857585139 
1519285831.93 54.5045298973 63.6440244143 72.7867125785 80.6927639383 65.2272914098 72.6052173913 
1519287816.02 53.3520900322 62.8111089226 71.0670436187 79.7544554455 65.1727105101 72.38996139 
1519289798.08 53.2151186168 62.0990724294 71.1156791616 79.2604908947 64.533934796 71.8508788874 
1519291779.63 51.7854990962 62.2192322913 69.3772090189 78.2749113824 63.5546459271 70.7953578337 
1519293760.79 52.6631790744 62.3576211107 69.4863387978 78.7727002967 63.636809816 70.8571428571 
1519295741.96 51.769726248 62.2773837667 69.8333669558 79.1376255168 63.6613366134 70.7256568779 
1519299402.57 49.7050617776 61.8437869822 68.6370192308 77.4549050633 63.7508622439 68.337507224 
1519301965.55 51.9171314741 63.5474970438 68.3864229765 82.43203125 77.7519489724 81.8329631275 
1519303949.32 49.8705437164 62.6795886076 68.9728183119 79.1061320755 63.8690524603 69.7530864198 
1519305934.01 49.6465895493 62.6162630439 67.4281045752 78.7237076649 64.3321827411 70.003470214 
1519307918.83 49.8731045491 63.3749013418 68.9893529894 78.3425632911 64.2999796209 70.4438440756 
1519309902.93 50.2134450429 63.9131464666 67.8171428571 79.5119447187 64.362749085 71.2389038981 
1519311887.32 50.0031897927 64.0949367089 68.4167684168 79.8981645944 65.3281947262 72.5528141866 
1519313871.75 52.5324701598 65.0204162537 68.7201309329 82.3835345339 66.6424489796 73.5141809763 
1519315855.74 52.4557370438 64.856916996 70.0965687282 81.2743152044 67.9918233851 73.8345226615 
1519317840.72 53.7193620028 65.2624505929 70.4636251541 83.4733492442 68.0147028793 74.8070175439 
1519319825.0 53.6328014543 65.7958860759 70.5172981878 83.4603363007 68.5794850838 75.0053970702 
1519321809.32 55.9903536977 67.2186266772 71.8161296942 85.2666930067 70.1537832311 77.0641989589 
1519323794.29 58.0068617558 67.3784797631 72.6194871795 86.4950806769 71.2024539877 78.4506661518 
1519325779.94 59.3341394599 69.6654127895 72.5747221079 88.3232402674 73.4080589078 81.0354938272 
1519327766.32 60.0684104628 70.1492890995 73.2704816797 90.2900883219 74.74524248 82.1962598805 
1519329750.72 62.4775337497 71.7646126412 75.3932676519 92.8485567418 76.1805924413 85.0179432761 
1519331734.75 63.267673716 72.6425607587 75.7046482929 95.0411336351 77.5291470648 86.822577538 
1519333720.3 65.184826473 73.7830562154 75.8899609936 94.2586650822 78.9787408013 88.7552555448 
1519335705.75 66.072337846 74.5275247525 77.389025389 96.7568635197 79.7557688381 90.0015438055 
1519337690.17 66.3901850362 75.8527024352 79.0502770367 98.4935985818 80.6372188139 91.7993440093 
1519339674.63 67.7976214473 76.1398380407 80.1609525765 100.094313454 81.5983656793 93.1885008682 
1519341660.31 68.3213854209 77.083712646 80.3231907895 103.05611739 82.6500408831 94.5120586533 
1519343644.88 69.8649465834 77.621835443 82.0115084258 102.980701063 83.1394585726 93.8070479492 
1519345629.98 70.1742638161 78.5477606025 83.090647482 104.502164502 83.3863125638 94.8205326129 
1519347615.13 66.8589872907 77.8352475248 80.9805287969 102.46683825 82.7670221493 94.0805550202 
1519349600.07 66.8516129032 77.8127727092 81.3511623123 101.331490622 82.3635990982 92.419957619 
1519351585.07 66.7571168988 77.6351057521 82.0723684211 101.049841772 81.524586819 91.1458253174 
1519353570.56 68.0299352751 78.1513470681 81.7928188196 102.024935682 81.2672378621 91.5729126587 
1519355557.26 67.5183161303 78.6226004354 81.8077474892 100.895332671 81.4275763163 90.9290123457 
1519359531.4 66.0259969156 74.7295049505 73.389907312 93.3606460508 84.7225325885 98.4109023333 
1519361516.33 58.3423496165 74.3543852702 73.084731887 93.5428683539 77.8212313357 84.4482094725 
1519363501.69 58.3139158576 74.0491283677 71.8396728016 93.4402837998 76.5618619845 83.3786856812 
1519365486.62 56.7191102123 72.8676412485 71.2364158294 93.0637880275 75.6592592593 82.656400385 
1519367472.19 56.7621359223 72.8066627008 71.0519187359 91.8030720756 75.3187988482 82.2717286568 
1519369457.94 55.8567381627 72.2583979328 69.0667762482 90.9705535925 74.7894736842 81.0556304139 
1519371442.57 54.8089068826 71.3461310113 70.4532019704 90.7659658086 72.9975510204 80.6104046243 
1519373430.62 53.4084393297 71.5475292717 65.9913669065 88.72347963 72.6004106776 79.865073246 
1519375415.76 52.8753036437 71.5524642289 68.304088761 88.5216360403 71.7448542898 79.4945987654 
1519377400.84 52.465304471 70.7694141013 65.2961443806 87.2164705882 71.6248196248 78.6165703276 
1519379386.84 51.2589593035 70.6677227723 68.1157160443 87.4553659015 70.7013306039 78.8671544089 
1519381371.29 50.6410515672 69.8022587676 66.9441831936 85.8035961272 70.2142125742 77.8539780389 
1519383356.64 50.7362882008 70.0455716267 66.053162992 85.7419607843 70.074255406 77.4835608537 
1519385342.25 49.1815608573 70.3583217339 64.9938650307 86.0901253918 70.1403508772 76.9759291354 
1519387327.49 49.2900624874 69.4120911794 66.4479443649 84.8606896552 69.6998368679 76.9304113802 
1519389312.62 47.6531932094 69.2297324083 65.0048979592 85.7433680487 69.7896247693 77.4929631772 
1519391297.31 47.7231889923 69.3009094504 65.3075040783 85.7873506951 69.711719069 77.3937174793 
1519393281.37 49.6844660194 70.0289510212 63.0053169734 84.6469893743 69.4599138815 77.7912405943 
1519395262.59 47.8067515666 69.813916501 65.5052093973 85.9571625074 69.7881773399 77.799807136 
1519397246.73 48.579064588 71.446953047 65.3284283671 85.7854077253 69.9227608874 78.1191440139 
1519399232.45 49.597729116 71.1910292351 64.4042553191 85.6363280485 70.8091728092 78.5991918414 
1519401217.65 48.9746398864 71.2880880881 66.118901189 86.3985959438 71.3096405229 79.3651771957 
1519403202.31 48.4430943702 71.0713141026 65.8380815741 87.831372549 71.3371522095 80.3161538462 
1519405188.41 50.6518038103 72.4793289395 65.9239885574 88.4707259953 72.7798277983 80.90622598 
1519407173.13 53.8724778047 73.5769922109 67.5869431328 89.6888714734 74.6143149284 82.3941549702 
1519410341.91 65.904569349 78.40909998 79.8364191251 99.749559773 81.2343463186 90.8243451464 
1519412326.67 65.7648484848 80.3475134811 77.7537832311 100.518999803 81.7931034483 92.8151001541 
1519414311.99 67.2419093851 81.2715654952 78.7323655694 100.740973312 82.7064595258 93.5690053971 
1519416297.37 68.3052695336 83.925748503 81.1318591319 105.890780975 84.6309353984 97.4700327616 
1519418282.62 70.5446482564 84.265122779 82.2953896369 106.781482934 85.2538164055 99.2930304197 
1519420267.78 71.8578352181 85.6706634692 81.8740512821 110.490180676 87.425292068 101.490951097 
1519422252.79 73.0823053589 87.0199680511 83.1172131148 111.211345283 88.5185336883 102.413102119 
1519424238.87 75.2082407594 88.1818544367 83.7526617527 112.860529435 89.4921476647 103.266910773 
1519426225.18 75.6738822577 89.0011966494 85.8007740884 114.231479662 90.8155419223 105.160493827 
1519428211.98 76.3648155655 89.732616059 85.4795081967 116.240424278 92.5802897368 105.632369942 
1519430197.55 77.9071832123 91.2209348781 85.5651462467 117.360930416 94.3244453491 106.30048216 
1519432183.12 78.3543640395 91.0499001996 86.4048879837 116.770137525 93.1433238056 106.359112825 
1519434168.67 75.4528530959 90.3586261981 85.6723535457 115.552044243 92.0540983607 104.865406865 
1519436154.85 74.8140662894 90.0088 86.3424825891 113.631558185 91.5244698206 104.355435621 
1519438141.03 74.3983805668 89.6665333866 84.6801319044 114.019325577 89.7264537265 101.89132948 
1519440126.09 75.5649179664 89.5964842189 84.5782145782 112.115588756 89.5337423313 101.911668274 
1519442111.87 75.7222109739 89.9656137545 85.6924335378 112.643416928 89.95004095 102.099421965 
1519444096.74 75.1345881401 89.5928071928 85.1606004524 112.765190122 88.816259495 102.323699422 
1519446082.91 74.8069607446 89.8028056112 86.3810108451 113.291159136 88.0713699754 101.312524085 
1519448067.9 74.2820097245 88.9982003599 86.2740740741 109.794942168 87.2511790035 99.7938621888 
1519450052.52 73.4179979778 88.2977786672 83.8833129335 109.90745098 86.183908046 99.1169331535 
1519452037.15 71.7483309731 87.5047009402 83.6835833162 109.061815336 84.6224948875 97.8549382716 
1519454022.49 71.5411167513 86.9782130722 82.0874204802 108.788423934 84.6782573123 96.6420991704 
1519456007.56 70.7004048583 86.8799039231 83.7908550338 107.689106968 83.3405782243 96.8240740741 
1519457992.67 68.0932495439 86.3663663664 80.9461837528 106.070477682 82.319803198 95.4058641975 
1519459978.21 68.2687171186 85.8470752645 82.2099673203 103.502358491 82.1776315789 94.3331403204 
1519461964.22 66.9943227899 85.6257754653 79.0936283548 104.591317951 80.0933278756 94.6731029156 
1519463951.23 64.8440218491 84.7884846062 79.5138575241 102.612260836 79.6967213115 93.246002697 
1519465936.17 65.2620926938 84.4948948949 78.7300020563 103.141013104 79.1998361998 92.8880323762 
1519467921.81 64.5396440129 83.7686148919 78.6958299264 102.489811912 78.6149425287 92.2026974952 
1519469906.68 63.8963142973 83.8780830158 78.2461033634 101.024112919 77.6187946885 91.4908389585 
1519471891.29 63.3970499091 84.087357243 76.4074758677 101.312181747 77.4457634056 90.9353406678 
1519473875.79 63.6462970457 84.0454999002 75.5472006539 101.250684396 76.824514811 91.7579028527 
1519475860.62 64.1375961149 83.8116609898 77.9038264784 102.432739377 77.6668034469 91.3681371605 
1519477844.77 61.5657467532 83.5227817746 77.4427574887 100.627082109 77.3570552147 92.6025072324 
1519479829.77 62.8645369996 83.8244213887 77.6215995091 101.934143473 78.1397451706 92.5994214079 
1519481814.49 61.7348423605 84.1869756292 75.5142564103 101.663203293 78.0057424118 92.9499516908 
1519483799.11 63.3866073235 84.7104 76.9300225734 102.711904295 78.1433530733 94.2801001734 
1519485783.63 64.0170006072 84.3787029624 76.3925425118 103.288522013 78.9570200573 93.9691358025 
1519487770.23 62.9286293593 85.2601317628 76.7757526111 103.463577459 79.2087188978 94.9548436897 
1519489755.06 64.0882591093 85.6741393114 76.9348627612 103.444814742 80.2682478021 95.1003273638 
1519491740.36 63.7071789687 85.880471717 78.3808353808 105.62529458 80.8625844768 95.8911827127 
1519493724.98 68.4722502523 86.6762589928 78.4925646771 108.26645768 84.1456330538 97.0491424167 
1519495710.06 69.419302841 87.5179856115 77.2077948718 107.759026688 87.6860986547 97.9942185392 
1519497696.03 70.7022222222 88.6102236422 79.2796747967 110.367250541 88.5189409369 101.065070477 
1519499682.53 71.2940226171 89.7390609391 81.3539714868 111.881939015 90.6539009982 102.561295297 
1519501667.47 72.7621359223 90.9429141717 81.4069529652 116.232258065 94.4092664093 104.559861191 
1519503653.23 76.3925686591 93.1041375175 83.5896389965 116.071889041 95.0966687104 108.443845117 
1519505638.35 76.3045849323 94.5897845172 86.0028647432 120.541323933 95.0741499385 111.430333398 
1519507624.24 78.1247728649 96.0918346975 85.4307284228 122.565771417 93.6915544676 113.402927581 
1519509609.55 81.3867313916 98.053493014 88.4600900532 123.172711233 95.8937257306 116.544086436 
1519511594.66 81.9668820679 100.744855145 88.4921700224 127.115814227 97.9909873003 118.205167759 
1519513580.83 82.3045500506 95.8159729138 89.2813393222 128.82631682 100.707277187 118.387357872 
1519515566.87 83.8497880073 96.663476874 90.664495114 131.606493252 101.393193932 120.382091856 
1519517552.44 84.3870445344 97.7683874826 91.1203420892 130.948110437 101.153248876 121.029847872 
1519519538.3 81.6846792147 97.1497101739 90.6369765066 130.225004891 99.1932841933 120.507606393 
1519521524.68 80.1199594732 100.288172904 88.9422367882 129.01936241 97.5652885796 118.130711394 
1519523510.62 81.4874493927 100.3384 89.7808610488 127.354813513 97.7457661702 118.380420119 
1519525496.79 80.296656535 101.352 89.0136930309 126.717617088 97.8536385936 118.212634823 
1519529468.98 69.5141242938 95.7425029988 77.8075040783 119.0 94.2319258496 108.459256405 
1519531453.55 67.3961499493 96.6979812113 78.2129402129 119.412701495 94.909537454 110.369343347 
1519533439.76 66.3996760478 97.2900641026 79.0963265306 117.73865628 93.518313894 109.706256015 
1519535424.62 68.1875380556 96.4464 76.7610114192 117.962912356 93.7773229636 107.400731754 
1519544621.33 80.3183195314 94.1666333666 77.9617886179 112.474751491 108.836403996 122.315701791 
1519546606.51 74.4474110032 94.5888 81.3858138581 116.578454333 92.613627091 107.505973025 
1519550743.4 51.2886723508 67.8840462193 78.8025995126 109.87400039 86.4807415036 110.538222498 
1519552765.25 61.5324516785 89.8173895821 79.5350538508 112.214550419 87.7596566524 98.1330769231 
1519554751.26 60.3082553884 90.4692338229 77.8784440843 112.753645732 87.8519124565 99.4006539719 
1519558724.38 56.7760469351 92.7688205128 68.8474782256 102.204620462 82.7502061006 91.5201232428 
1519560710.06 57.4868769074 86.425540353 70.0141614404 105.31548312 83.4255231842 95.7182448037 
1519562696.81 59.1156104475 86.0722222222 66.1836569579 106.067494182 84.7151020408 95.436164067 
1519564683.38 59.4337936637 85.9221295193 66.0798702615 104.520394355 85.1310570435 95.3805207329 
1519566670.25 58.3839285714 85.9003164557 66.5305956495 104.25140205 84.1899304134 96.1817831697 
1519568656.88 59.0216994524 86.2422200198 68.8382113821 104.479502623 84.7200491501 94.9817061429 
1519570643.42 58.4286295242 86.9729299363 66.1075705297 103.655880643 84.6190766728 96.2552535184 
1519572628.88 59.5461741425 86.5567010309 66.9123522218 105.725232198 85.2116997341 96.0616808019 
1519574613.75 59.3828617952 88.7738095238 69.0247191011 106.000774893 85.9541359541 95.5055833654 
1519576599.68 60.4290348743 89.6375198728 67.2399185336 107.539473684 86.2649712879 99.2911294978 
1519578585.88 60.8014616322 89.8688394277 68.2517199514 107.787802517 86.466762119 100.124735322 
1519580571.57 65.9955402392 91.2826433121 70.0969055375 109.612727978 88.4069317023 99.7410903487 
1519582556.8 67.2615384615 91.4252873563 72.6380218889 109.858585859 90.2451560269 102.616066269 
1519584542.62 68.5513054038 92.0333135039 72.717782723 113.535651836 93.6682926829 106.989392478 
1519586529.38 67.9304910083 94.7827463395 76.0008131734 115.237762238 99.8273967026 109.740940632 
1519588515.32 72.8134222761 97.5284294235 74.4879837067 119.433676442 101.023331305 113.134489403 
1519590501.51 73.8352180937 100.092728353 77.2928716904 122.185639229 106.075609756 118.542301021 
1519592487.58 75.3737864078 101.528481013 78.3529888551 124.120341615 104.927383367 119.982277018 
1519594475.14 76.8421903415 103.869151467 79.4864479315 125.853677469 107.948686622 123.318050472 
1519596462.01 78.8500810373 104.522465209 79.6608377389 127.4084726 110.32650578 125.078998073 
1519598448.83 78.6051779935 106.193242442 81.4058236612 128.08937245 110.561296859 127.514918191 
1519600436.01 80.2253292806 101.674565561 83.3484971568 129.819241983 112.468915075 128.918752407 
1519602422.4 83.5934399676 103.113222486 83.5805334962 130.43237984 108.198011767 128.295183044 
1519604408.26 82.7379505873 103.985770751 84.3855519481 130.955200623 108.821283509 128.202004626 
1519606394.55 79.8734279919 102.531565407 83.2783421373 130.116373478 108.636178032 127.452128684 
1519608381.17 78.7075548335 102.177636796 80.4480453717 128.607634179 106.349673203 126.312379483 
1519610367.07 77.5431472081 101.872745292 82.0114052953 126.660479505 109.516371771 124.999036423 
1519612353.18 78.9511255323 101.703996834 82.4108480065 129.582912621 109.850588713 124.419267823 
1519614339.38 78.1341982566 101.268659671 82.8688259109 129.848062016 110.227272727 123.566088632 
1519616325.27 77.4239902578 100.79699842 83.365466748 129.684006962 109.697216013 122.668980143 
1519618311.38 75.6189704094 99.9041394336 80.2893338782 129.350870406 106.035728786 123.71307366 
1519620298.57 74.7334685598 104.508050089 82.0502227623 129.01956227 107.257757047 123.147313692 
1519622285.35 75.201946472 102.604356436 82.3139158576 126.956589147 106.637745794 120.262610705 
1519624271.82 74.2896551724 103.393699227 81.3576642336 127.16453736 105.786312564 118.149104219 
1519626258.0 72.2696446701 101.756483865 80.7833299616 125.515879163 101.384458495 115.500964134 
1519628243.7 70.7922077922 100.533492347 79.8189567688 125.121488084 98.832045547 113.887709821 
1519630229.44 69.8403412553 100.942902458 78.3251833741 123.827982098 97.3102605863 111.18010027 
1519632219.42 68.7773049645 100.964200477 75.6704730832 120.370470839 96.2684017893 111.290944123 
1519634204.91 67.9780933063 101.124131082 75.2818627451 120.790498442 95.5329121663 110.339491917 
1519636190.22 66.6292910827 100.531485149 75.0054844607 120.549459042 95.1532965911 109.510408635 
1519638175.84 67.9082419813 99.9436172325 75.0077330077 120.098411468 93.6888346553 108.160954948 
1519640161.41 63.5550151976 99.3570435128 72.98062954 118.340953119 92.7551020408 107.862068966 
1519642146.4 62.6604575825 98.1126090404 74.7166734611 117.874223602 91.8863914998 105.969919013 
1519644131.29 61.929106745 97.2633253779 70.5425531915 116.433790837 89.8204866081 105.473684211 
1519646117.39 61.8152284264 96.9930596867 70.9749643802 116.684936832 89.4003663749 103.560007706 
1519648103.02 60.580004056 97.0759167493 71.4364708274 116.445909267 88.3426473588 104.114703618 
1519654063.32 44.2437153813 86.0306418219 67.4071634417 112.79541109 88.2186284545 101.362095532 
1519656048.84 61.3779671333 86.4481605351 69.2482560525 113.373975995 88.8398286064 103.176583863 
1519658034.52 61.4954407295 86.2885297596 68.3865131579 112.73088685 90.0004070832 103.536622976 
1519660020.55 62.7859606411 85.8901358535 69.624872162 113.709271271 90.5556686342 104.580458663 
1519662005.13 63.5822348408 86.2487679874 69.4699733552 112.057948913 89.5468940317 104.119460501 
1519663990.1 63.3038539554 86.5789473684 67.8459627329 112.925784239 90.8609810706 105.138443715 
1519665975.22 63.8225643103 87.2380952381 68.8244713611 116.343206574 90.8825811721 107.135093467 
1519668179.04 80.6887363746 95.1843137255 89.0114660115 132.863048097 95.9967453214 143.33794952 
1519670164.84 81.3506072874 95.5202504402 87.2280130293 133.595030091 99.6725193957 119.873187705 
1519672150.82 79.9415465801 96.4547055371 87.0459016393 134.547998445 100.362227208 119.909565217 
1519674138.24 81.1408878978 97.4623066379 87.364638628 136.487104906 103.248569092 122.173039784 
1519676125.38 82.2754151478 99.4963831867 90.3091430914 136.551858338 105.249076734 125.781207795 
1519678111.5 84.045325779 101.186925034 92.2312423124 142.210280374 108.725717776 128.787808642 
1519680097.82 85.5998379911 101.582288401 92.2451982019 144.684628804 108.734976574 132.03167246 
1519682084.19 85.1521870591 102.294543321 91.7834290402 142.402802102 110.062729124 132.606949807 
1519684070.44 86.8046811945 102.85222157 94.5644171779 143.292611984 110.780796731 133.790123457 
1519686057.2 87.248582996 104.498532577 93.9983559392 144.095274981 111.203752804 136.506563707 
1519688043.76 85.7577966788 106.275215012 96.1958615038 147.14269074 112.732175689 137.416763229 
1519690030.01 91.2936893204 107.22111437 97.1228787569 149.36185106 109.15956151 139.256227071 
1519692016.31 86.2094389305 107.119215686 96.4477305402 149.290073387 109.510876194 139.017950203 
1519694003.91 86.8763408217 107.465985057 96.1538461538 145.010233636 108.185102496 137.892622634 
1519697979.36 87.0172642762 106.090246305 81.5914332784 140.36001532 131.190340909 126.219310079 
1519701955.11 75.3891026939 103.707413249 79.5258709544 136.86770873 105.392019745 126.231643862 
1519703940.57 77.0295905959 108.752717928 80.2697731453 137.132723112 109.914919601 130.32382421 
1519705927.03 74.4123251571 108.169625247 81.5089430894 134.316797548 111.664563403 129.545401966 
1519707914.05 74.437994723 107.107424961 79.9273024301 135.678591927 110.06097561 128.90526722 
1519709900.64 73.4083248731 106.452502956 78.5406952965 130.666411483 109.059613428 126.419106317 
1519711887.07 71.5577196186 105.143872114 77.7368957781 131.025171625 107.528451968 123.763843334 
1519713873.94 69.1036721445 94.714426294 77.5137783221 129.690753098 102.568241736 120.990549662 
1519715859.8 68.9247006292 97.9929105947 77.503580929 127.307442127 101.271512452 121.74238334 
1519717845.44 67.7086630148 96.9107424961 75.033217852 127.133167273 100.819159732 121.028924026 
1519719832.67 65.3636548223 95.6678500986 74.9398572885 127.317278287 101.288519943 118.766679522 
1519721818.69 66.9452776652 95.0405671524 74.3273919279 125.882217533 98.6983353634 117.188271605 
1519723805.0 62.2143001823 93.593374088 72.9309001435 124.322260405 95.4583840844 115.882919314 
1519725791.79 64.133955754 93.2282844199 72.8670071502 122.960720445 98.1311142683 113.704374639 
1519729763.78 59.8857605834 94.0540753898 69.9942244224 133.384555076 88.5549887778 108.818041635 
1519731748.01 62.0344199231 89.8389446741 70.742763293 119.883725378 96.4500508647 114.397220614 
1519733733.86 63.0930091185 90.6732361056 69.4362934363 120.658986175 95.2667344863 114.335648148 
1519735719.31 63.5528504768 90.6658791101 70.1039331567 120.300918836 94.8082859464 114.49015824 
1519738689.84 75.4937221547 97.7264653641 88.2771550846 135.956964457 120.487060998 122.58582738 
1519740675.27 74.6255578093 95.0859621451 86.6412908564 134.309468822 93.6956875509 119.259945925 
1519742662.52 74.3936688312 93.3216280926 85.5368768026 139.144472607 95.8096400244 121.183578621 
1519744648.28 72.1274609296 93.8000796495 86.8445542516 137.465392864 93.8283855226 119.443970531 
1519746633.71 74.7370558376 92.9289704709 86.2273476112 142.658109685 94.3483923484 122.787996128 
1519748618.89 75.3009550904 93.8421681945 83.2553719008 142.344157107 94.2516771702 122.945940709 
1519750605.71 76.6749238579 94.8738019169 86.9660876758 141.197886083 94.4617263844 123.289009498 
1519752592.16 77.6315254926 93.7642130461 83.7260500724 140.738823529 95.1674796748 124.046484602 
1519754579.08 82.9655451966 93.4083832335 87.6659142212 142.996491228 94.0948875256 125.351162791 
1519756565.68 82.7890577508 94.3407053198 88.4837782341 141.502835908 96.7300750355 126.04842146 
1519758552.64 81.7765136124 93.7661097852 89.8233244517 142.216247808 97.2127357534 127.869068371 
1519760537.87 85.6371753247 96.5658575408 91.1132036847 147.239138943 99.6756316218 131.557707204 
1519762523.46 88.9041151429 97.1143882025 91.9747299776 150.887587822 103.130399348 133.869556803 
1519764509.34 90.0941940723 100.093208524 95.9278244823 152.435867446 105.748008985 137.514705882 
1519766494.89 91.2946899068 101.449263828 96.3864379085 154.073208723 108.232435716 138.073930714 
1519768480.9 91.2983167714 102.70480731 99.587704918 156.61340608 110.100836905 140.542569659 
1519770467.15 93.8316771446 105.009159697 100.210053126 160.213031604 110.905844156 144.32461747 
1519772453.15 94.3678440926 106.657936508 101.567744576 160.715288612 111.84992902 145.839258114 
1519774439.6 97.655451966 108.208598726 101.355696461 162.406219631 113.60455192 147.468834688 
1519776425.6 94.7603003856 108.942066494 100.727570668 164.298262737 114.227642276 148.884153429 
1519778411.72 89.9943089431 109.981666002 93.5537799631 163.103152978 113.209397344 147.350493517 
1519780397.84 88.7045916294 107.371986451 93.0510708402 162.671085982 111.113015096 146.120015486 
1519782446.96 90.1758241758 104.086107235 92.5089414183 159.420662768 111.146950471 145.231305695 
1519784432.77 90.5046728972 105.593631841 94.3014600041 159.545667447 110.643322476 143.685045463 
1519786418.4 91.2330551598 107.295291301 93.7126436782 165.637002342 109.537210248 144.475285908 
1519788404.93 92.0032540167 108.378443114 93.7155793373 160.97019287 110.101970343 144.317398877 
1519790391.46 88.0504270028 108.96293344 94.1979831241 162.916601715 109.220906492 144.326815102 
1519792378.09 92.2411203572 107.624525664 95.6763434219 158.582002337 109.807346939 142.462611391 
1519794363.47 86.8954859699 105.575588353 95.8710207435 160.564202335 113.301283357 141.798257502 
1519796350.28 88.7315586263 101.607014747 93.6733100473 158.884862653 110.686942417 139.246803565 
1519798336.96 85.7250915006 102.203674121 92.8765887659 160.908416325 110.254058442 137.313432836 
1519800323.95 85.7477624085 102.330135891 93.3740020471 155.67276977 109.822159206 136.022476264 
1519802309.77 89.4284552846 104.026305301 102.024125946 166.702198016 107.645332246 137.921766073 
1519804295.46 83.9001420743 98.9760383387 99.8777435897 165.25234375 103.617185909 135.860015468 
1519806281.15 85.2630722279 98.4453312051 101.623664749 160.422941865 103.859620486 134.200464396 
1519808268.65 85.9553571429 96.6600079904 98.4768537485 161.238634146 100.715506716 136.307335011 
1519810254.52 85.7995527546 95.5789894148 96.6875383671 163.801794772 100.300629697 132.235430784 
1519812240.46 84.5857026807 93.7020766773 98.8159672467 161.130400934 97.6806517312 131.474356493 
1519814227.18 80.8481888482 94.828742515 93.2972529725 157.977808059 98.7668562145 130.851722803 
1519816213.96 82.4726976365 95.0078078078 95.8878276773 160.332614238 96.8145276474 130.737248841 
1519818200.16 78.485231208 93.7371474295 94.383723296 156.598746082 94.9826211409 130.46660213 
1519820186.1 77.4350397716 93.7674604763 92.9774527727 158.500196618 93.6857610475 129.401239349 
1519822172.03 68.5916530278 86.6503412284 83.6160586917 145.664576803 91.2917603762 125.727536232 
1519824157.96 69.8871627146 88.4430176565 82.250764526 143.948174323 90.6028629857 126.920193237 
1519826143.88 70.8201144726 86.5651737297 81.740228013 145.660007834 89.5392156863 124.734930448 
1519828129.52 70.2127833367 86.0440352282 82.3240816327 145.981169086 90.0233367451 125.238924357 
1519830115.65 69.5327332242 86.7529034842 81.4175152749 147.521815692 89.9325291351 125.008123791 
1519832101.58 69.9873288371 84.9831460674 81.2283912955 151.367638427 90.0244100895 125.320966184 
1519834087.94 69.518200409 86.2113495087 79.8919361441 148.68128426 90.4283955683 127.958244732 
1519836073.2 69.558974359 87.5298836743 80.2583010796 151.432278357 91.2186160441 126.173374613 
1519838058.7 69.577418695 86.3908415344 83.7985318108 148.345436703 90.694245341 126.514816967 
1519840044.18 73.3894909017 90.9050772627 82.5120260905 151.418937463 93.9367991845 128.683681361 
1519843794.36 83.8456197672 99.0870870871 93.1669367909 156.314720812 126.501072706 132.948693127 
1519845779.39 82.3157894737 91.3924354613 85.0898008939 155.621579359 103.399470361 133.212778316 
1519847765.9 81.8007349939 91.1905713144 85.5366449511 156.106750392 102.744138634 138.076655052 
1519849752.5 84.0832653061 92.0224 88.6721110657 155.652242021 102.277562666 139.729509785 
1519851739.02 85.5539215686 93.8481215028 90.736970684 159.521815692 108.979890311 142.09512761 
1519853725.39 84.2914880588 96.068717539 91.7069000611 162.805724368 112.356548223 143.674859686 
1519855712.87 85.4050736498 102.627223666 91.9436389626 163.221065042 113.574235366 146.795432553 
1519857700.02 86.5498366013 105.747751349 92.1160842019 165.722581911 113.588330632 151.705279443 
1519859686.85 89.4958154725 107.494492289 93.5434871376 168.044592216 116.322986407 153.955090979 
1519861673.34 92.3995098039 109.571342806 92.5760847423 168.791870236 117.772377481 155.760015483 
1519863659.96 96.0653728294 110.705576654 96.4970414201 173.641025641 116.766199472 156.880804954 
1519865645.78 89.7432129006 109.220664798 93.1903986981 170.29555686 112.336850649 155.520030966 
1519867631.34 91.1485188968 106.3755004 93.1131498471 167.140850566 110.678338762 150.754301179 
1519869617.79 91.7488238904 108.528362397 91.7723774808 169.809859155 115.362896664 151.208051093 
1519871604.15 92.4219582138 107.512722901 93.400244798 171.766314967 113.270588235 149.542028986 
1519873590.03 94.1206790755 108.50810162 93.3725410667 169.327859238 112.947561722 150.244392885 
1519875576.59 93.3469638111 109.956696071 94.356752379 171.606891151 112.928397071 148.342945616 
1519877562.65 90.6871416871 108.901544014 93.9334415584 172.416633974 112.381725888 148.950724638 
1519879548.53 91.007980356 108.512717805 92.2584590298 172.295165394 111.278942014 150.631355113 
1519881535.82 90.5960319084 106.115669402 94.6109533469 171.818681319 110.628548091 152.239984517 
1519883521.5 89.2727272727 106.354308617 92.9262045131 170.677659992 109.831295844 147.476310191 
1519885506.4 88.8421913328 104.281475541 89.8692572354 168.165750196 106.817866612 144.092087444 
1519887492.15 84.593654043 104.299559471 89.344469342 165.44647417 104.831031682 143.210526316 
1519889478.21 85.8126789366 94.8118494796 87.1234441951 164.493139945 104.734511477 141.98029747 
1519893449.37 66.7111293 98.96420048 91.42256903 155.775351 97.38131262 132.811124 
1519895435.71 66.88802457 85.12785571 92.29705764 149.4676821 96.21864165 137.124178 
1519897421.85 65.08800655 88.41559486 91.10943472 150.1327088 99.200489 132.1628715 
1519899407.69 63.89058992 84.16847172 90.71791255 151.1538312 97.08292683 132.4064915 
1519901394.82 63.22551625 86.00200441 90.77853835 148.9689392 96.28577228 132.6924266 
1519903379.34 62.07780508 88.61661662 90.07197427 148.7898039 95.53783231 131.0471406 
1519905364.56 59.86412932 88.527499 89.38985099 146.9747406 94.52511694 129.627027 
1519907349.52 60.20491803 88.47871486 89.21237155 145.4822931 92.58143322 128.7747922 
1519909333.96 59.40883074 84.48205334 88.8183283 143.7154057 93.23685283 129.1715611 
1519911318.90 59.996724 85.49548465 90.20980707 146.225605 92.68217054 130.1078261 
1519913303.56 58.27615745 87.4712736 89.68733642 149.8529928 93.454323 130.3143244 
1519915288.78 59.8797546 84.32022472 87.9452496 145.9905919 92.24313885 131.9335779 
1519917274.73 58.63990168 83.69737106 89.00362246 146.60625 91.53363229 131.2247343 
1519919259.89 62.22167689 86.95205617 89.03585096 146.1784111 92.24096386 134.1644419 
1519921245.96 60.45908347 85.09127382 89.48040201 145.0066588 91.500612 134.0146945 
1519923230.71 62.47965651 85.40116163 88.66425121 146.5691437 93.29181929 129.8509077 
1519925216.00 58.98771499 86.39487385 88.36017717 148.349454 91.59273618 129.4021256 
1519927201.53 62.99325291 79.96394231 90.5941212 151.6388509 93.31434385 131.8469565 
1519929187.11 64.26655765 81.23538831 90.69720153 148.9982398 96.42682927 134.4607654 
1519931172.68 66.75684512 84.53991175 92.62608171 149.7911851 99.00469484 135.2366589 
1519933158.15 68.82254441 83.22978383 93.2277666 156.2487776 98.44967532 138.3041546 
1519935143.27 68.98876404 88.02241345 93.72643216 156.2765085 100.0375357 140.5149816 
1519937128.64 72.86665305 92.48999199 94.80466238 156.3682664 103.9731653 145.2910462 
1519939113.58 72.46486928 95.54525475 96.7167002 158.6739427 107.0476967 149.1650261 
1519941099.03 72.99264105 97.77929101 95.6010446 163.7055263 109.7615651 154.4692694 
1519943084.07 71.65875614 97.38618619 97.76286174 168.0164255 111.3773778 160.391338 
1519945069.03 75.3253012 101.2701839 97.78047801 168.8167416 113.5784314 156.6990141 
1519947056.18 80.07692308 102.9965939 98.33989159 170.2601213 115.9772358 157.5573168 
1519949042.51 76.23409462 105.3325335 99.36341757 171.731413 116.2918106 163.9057187 
1519951028.26 70.19840458 100.9091274 98.10797175 168.4836627 114.3669986 160.3269565 
1519955000.82 76.86047941 109.2773676 96.3694997 179.0454369 104.943948 155.0963506 
1519956986.09 75.00758041 98.30004011 97.18687072 174.5115917 113.3403823 158.9383337 
1519958971.15 72.70785597 98.54691259 96.26760563 170.9127124 114.0967416 158.927357 
1519960957.92 71.79856704 95.91831832 97.12517609 172.2699961 115.4306569 156.7011583 
1519962943.72 71.22013093 101.8833434 98.00725806 173.050702 114.78729 157.5897932 
1519964929.59 70.47704918 100.7739602 98.63423968 172.4926686 113.4936144 161.3931194 
1519966916.72 69.39304703 98.77780004 98.20032278 173.2802809 112.4637211 158.2737819 
1519968902.84 66.74477673 99.55412733 96.21949255 168.1476563 110.3737066 156.2320634 
1519970889.01 65.59034172 98.46789727 95.20442656 167.5155547 110.4637858 155.1893251 
1519977106.22 87.00754948 113.0134188 99.39428686 164.0537802 104.8264197 174.1511743 
1519979093.64 88.3548124 97.87670136 103.1688442 166.0305284 105.168156 153.9818006 
1519981080.41 85.3755102 101.3976772 106.3816425 171.1091122 102.9330629 152.8242799 
1519983068.24 85.88485096 103.0024038 105.3998391 168.9198362 104.2777101 150.2917874 
1519985055.72 84.98611111 103.3763527 96.80289622 168.5625 94.11563518 145.6832334 
1519987043.65 86.28769922 102.6316423 97.19598394 166.3308623 93.25996358 145.400348 
1519989030.59 86.14253625 94.85017003 102.1423974 175.5313415 95.36461507 147.2638701 
1519993007.02 69.83581758 90.44217278 99.33628319 169.5914146 95.13743108 140.7896565 
1519994993.26 62.82819203 88.59366225 98.44350623 159.5597117 86.88974619 144.1173519 
1519997492.24 61.96855217 89.2088 98.72347267 165.7561356 90.249032 151.0011596 
1519999478.43 57.74407195 78.17621145 93.94935691 154.3612677 84.51248731 146.7329721 
1520001463.98 58.15472545 79.95756605 95.53826069 156.9263158 84.94213198 152.0340623 
1520003450.44 53.45766871 71.46506507 95.83236064 153.9450828 84.88003253 153.3756041 
1520005437.26 58.43225542 71.38862179 95.35873718 154.3053881 83.69318182 148.4805572 
1520007423.35 58.8957608 72.56696697 94.62683861 154.3494655 85.63447855 148.6259188 
1520009408.92 58.27463783 72.4271689 93.60438897 156.0986983 83.68241042 144.2027079 
1520011395.44 57.13387755 72.35477427 94.41353685 154.805377 83.16497771 146.8146143 
1520017071.01 84.45360825 103.4024342 99.17471449 178.6873666 127.3146953 191.2684895 
1520020855.91 89.72537917 104.1373087 101.9561386 179.7462541 107.6178499 162.0239845 
1520024641.64 87.15070707 104.8872299 106.4255917 187.4795799 112.9466395 168.9694391 
1520028428.12 91.92640518 107.5970883 108.6479551 193.5730687 116.8442456 177.5267944 
1520032214.65 95.89463019 113.3500884 110.8731688 204.3933022 124.0081317 186.5728643 
1520036001.26 103.0561069 118.0534381 114.5775551 213.7022767 127.9569543 195.7741249 
1520039787.45 96.28617754 116.7145123 110.422524 205.8995327 123.1295168 191.8628439 
1520043573.77 90.99228583 118.0623635 111.9369369 206.6864159 122.6142886 195.1503876 
1520051146.10 77.02947754 109.6468719 107.6817003 196.1647969 112.1394495 182.3576261 
1520054932.27 79.3563592 106.2339623 106.0723132 188.7546 119.8564768 188.7191011 
1520058717.95 77.02131114 103.0954176 103.3802676 186.0457542 115.6781888 178.887684 
1520062504.14 72.03733766 97.02201944 100.5712 182.1493469 112 176.245451 
1520066290.57 68.12426396 92.4177919 99.77264547 174.7516023 108.0736544 169.3727765 
1520070077.14 62.06284208 89.67070506 97.29588165 172.6997085 105.6412538 162.9279628 
1520073863.17 61.39857868 87.39754261 97.8952 172.2484472 101.0853905 160.5578337 
1520077649.01 60.35832996 80.60423678 96.21415717 166.6420521 100.4547845 157.4486361 
1520081434.80 60.93314367 79.32421178 95.0768 165.863972 99.85621446 157.3544892 
1520085220.86 61.95216863 78.08937438 96.16883637 167.8641041 95.5247766 162.5075435 
1520092792.98 51.95376191 78.53428458 93.52513966 177.5162791 81.48578392 155.7465714 
1520096577.57 53.10064935 85.44327439 94.4344 170.386346 95.35502237 165.4159566 
1520100363.07 59.61426256 89.08569182 96.67692923 173.6818885 102.8146351 172.5883491 
1520104149.66 64.04531661 93.75117739 99.13194722 183.396358 108.6134522 180.8173207 
1520107936.33 65.48754304 99.44922412 106.6841895 191.6172434 117.4991883 188.4763194 
1520111721.83 73.43151932 107.7109191 110.3882542 204.6700116 125.0833164 200.6078394 
1520115508.06 81.73025516 115.8664572 115.6550131 216.156787 134.1948552 211.3472383 
1520119294.98 89.551417 121.6257862 119.5080128 229.7502899 142.36905 225.9212051 
1520123081.53 97.06499291 130.5491658 123.3710843 233.126597 146.1152679 234.6978542 
1520126867.57 91.24412003 126.5454545 119.7362945 223.7514518 139.7776435 225.8335269 
1520130653.92 88.5825716 124.9782351 119.1827655 226.8944412 138.8676649 224.4058869 
1520134440.33 88.2112533 124.4042722 119.3928 226.6099456 137.9218149 223.7187137 
1520138247.15 83.7493409 121.9335706 117.6412826 225.5847885 136.0251114 217.81135 
1520145820.46 70.3099048 116.290004 110.8619864 223.5510046 120.1325788 223.7746698 
1520149606.99 73.45742092 111.6617269 109.9767628 202.095275 117.9044534 202.1758327 
1520153393.70 67.54563895 104.2813553 106.8540497 201.0050564 115.8892706 190.8476283 
1520157180.01 62.77197246 99.59628679 105.4515352 194.5859056 111.8406793 187.1131747 
1520160965.20 61.07689186 96.04741209 102.5821135 194.1664075 107.4823815 186.1972158 
1520164750.39 57.47598784 92.06554788 103.0745342 191.5302326 105.7493917 180.9378509 
1520168535.38 57.62284788 87.04243142 102.204012 196.2330097 101.1377634 180.0650658 
1520172321.45 55.63466991 86.35590551 101.9983936 194.9300252 101.9995947 181.8850842 
1520176107.20 55.31481857 85.91355832 102.1909659 195.0837859 102.251816 179.9543255 
1520179892.79 56.88753553 87.85500394 102.0970074 197.107883 103.1417004 184.250677 
1520183678.05 57.49210207 87.76794494 103.5495079 206.1475886 105.5912674 189.4087125 
1520187463.10 64.2193444 95.81935991 107.9057665 210.0660359 110.855178 194.4859849 
1520191249.95 64.24499697 96.97700924 112.6601805 212.3947164 115.5300767 205.8428793 
1520195036.79 69.67306527 106.8160063 117.9971899 220.7900756 126.9777778 221.4453261 
1520198823.49 77.85748988 116.857987 122.4497694 236.6386359 138.0314643 244.6723536 
1520202610.55 88.53198381 126.1944116 126.9911576 250.3540337 147.8863132 259.1156753 
1520206397.73 95.7577715 138.5040204 131.7902028 257.8632148 152.5551515 266.6186047 
1520210185.09 103.4916009 142.5019701 137.5645549 260.3570875 158.9777957 276.9155039 
1520213971.59 97.94237013 139.4825753 134.5498495 249.9140534 154.1008471 267.9170382 
1520217758.68 95.33063209 138.035489 133.641797 255.9107489 155.385112 268.4216657 
1520221545.74 95.52840909 136.7790675 134.2757996 259.4410853 154.1379032 259.3413313 
1520225332.49 91.78404709 131.0414457 131.2460302 248.553727 147.7383932 254.7397791 
1520229119.55 88.71730301 125.8162502 127.4811909 242.704444 140.1365657 254.1491959 
1520232907.00 83.15028432 116.3665683 123.9051741 242.1904025 141.1208392 249.582639 
1520236694.93 79.77732629 113.6094118 120.3793935 236.0193911 132.9071082 243.1801627 
1520240482.15 75.84340771 109.440598 119.5859924 232.0341681 127.3979798 231.5785396 
1520244269.41 71.86590817 106.4744698 117.4255576 232.4871994 123.5210356 234.0422235 
1520248055.71 67.81663286 100.395613 115.342903 229.5641722 118.0683795 223.2655433 
1520251841.84 64.92751269 96.35806832 114.356711 225.1420818 115.9328343 221.5422153 
1520256476.89 101.3640963 118.1948154 129.7126159 215.9696793 153.1520538 270.1847894 
1520260263.39 98.4373862 113.3954037 126.6649172 257.4075655 119.7565217 230.9346773 
1520264050.97 88.29748744 112.4472 130.2614025 255.6195673 121.1780379 238.8200772 
1520271626.36 35.18585561 105.5054108 128.1471939 220.8281312 109.9906901 256.0842762 
1520275413.40 92.13104275 110.7471035 132.9991987 221.415507 122.6376286 264.2406074 
1520279201.48 94.99480208 112.8662268 136.2959102 227.9141665 129.5621349 276.7094134 
1520282989.32 100.756 118.5656606 143.2924679 242.4548535 143.2589304 275.9644788 
1520286777.83 113.5488 129.3912695 145.8822467 253.1521782 155.1050191 296.308525 
1520290565.98 96.66613355 133.8717949 145.0927525 260.4249552 154.3850181 304.5983765 
1520294354.50 106.5941188 145.5002009 151.229765 273.1283689 162.4641418 307.9791345 
1520298141.43 101.0606488 139.8083784 146.562249 265.5231231 159.6691547 308.1130031 
1520301929.04 100.9382418 140.808673 150.7177889 267.1708975 157.7111739 303.6445818 
1520305716.54 102.6755341 139.2847417 147.530489 267.0505899 158.8399596 308.6738878 
1520309504.46 100.5479783 137.4793753 145.3847082 262.7761791 149.522038 306.1607419 
1520313292.79 97.10923015 131.2988367 141.6565008 258.0576 146.1397784 299.623793 
1520317082.16 91.60443102 126.6997598 136.3818621 251.8474441 145.9144126 286.5359073 
1520320870.60 90.38450676 119.7540064 133.3004016 243.8850299 143.7475297 279.0023166 
1520324658.38 85.76219266 113.4672279 139.8247837 240.6755839 142.6204115 277.1616142 
1520328446.09 82.05884724 108.04738 137.7106109 233.0657605 134.7723971 270.8383858 
1520332234.01 80.61482529 105.054998 130.7256085 229.7282565 123.0689794 269.7705552 
1520336021.19 77.16084763 102.704632 126.407855 228.5936311 120.5330103 259.9444337 
1520339808.93 75.44124169 98.99138104 127.4262163 229.5120192 119.6720517 257.0563272 
1520343595.80 93.28821752 105.5827338 136.3282351 234.6252505 125.4486792 269.9024108 
1520347382.25 93.12502517 104.5771624 139.3145615 236.9961992 124.1144469 260.6603664 
1520351169.80 94.0592145 99.30951425 129.8129395 237.0678407 126.9318823 270.5814672 
1520354956.63 93.90667739 99.74038462 129.8179631 235.4101641 127.194999 275.745356 
1520358743.93 93.69407035 104.5905181 130.0689447 239.8516439 136.7272727 281.6983974 
1520362530.56 99.015003 114.8448 139.472 243.0705295 141.3602096 282.133951 
1520366317.72 101.247501 115.9439103 137.8039255 248.7364419 140.2923882 291.2193237 
1520370105.56 103.5290826 119.1988807 144.9386405 257.6654662 151.8033844 309.2918198 
1520373893.61 113.2264641 133.3642358 152.0685371 269.5513794 154.8340048 330.0933204 
1520377682.00 122.4913191 140.7539476 157.8914309 285.2581745 169.3916197 337.7654799 
1520381468.85 108.0088159 144.1852075 154.5459677 285.2426795 167.5948449 349.978303 
1520385255.95 105.9145576 134.1859719 153.2854839 278.7656501 156.1249244 338.246374 
1520389043.11 104.0210228 132.4699278 153.3372233 284.4095563 162.7821882 339.5451375 
1520392830.64 107.1816166 135.8144578 153.892283 284.2857716 164.2932528 348.7866693 
1520396618.73 106.8336706 130.6749549 151.884507 280.8956784 160.6598104 344.938989 
1520400406.53 103.5529554 133.0562249 150.3091787 277.2760145 159.8564805 335.7896365 
1520404194.01 101.4433657 129.5717742 147.0683554 272.8357848 155.8781767 331.0331203 
1520407981.80 98.47534357 124.0739847 144.9395649 266.8281125 149.1980637 317.8638824 
1520411768.41 93.82178218 123.7600161 140.4127112 259.8885101 146.8730351 307.5609662 
1520415555.69 92.44462409 113.5841904 140.6916901 254.3183641 142.1571313 307.6299594 
1520419342.55 87.23419773 109.4460056 138.0841046 254.887465 134.6145791 302.9172467 
1520423129.44 86.00202388 105.1560184 135.5676435 253.746942 140.7297679 303.3352679 
1520426918.16 82.10815174 102.5792744 136.5159414 254.1217949 136.6313243 307.0236526 
1520430705.50 83.08188786 103.9373242 132.3859155 254.8862997 129.1838384 310.336626 
1520434492.99 81.0373328 96.6484764 136.5668535 250.1531081 134.8760331 310.8447907 
1520438280.45 79.57484076 98.49121406 135.6738695 250.2176871 128.9248788 311.6269996 
1520442066.86 80.38167331 101.2976214 129.163159 248.2697079 130.6148553 319.3733151 
1520445853.01 84.28245649 108.3888 136.3576146 252.700841 134.1305842 321.7965241 
1520449639.06 86.41500399 115.2214229 136.2086504 259.1111998 140.5622848 321.0444618 
1520453425.49 88.92350709 116.0774142 140.4521426 264.0696557 143.6508386 346.4726989 
1520457211.76 94.70578842 123.6481149 145.5574033 275.657463 152.8843042 372.5004888 
1520460998.49 98.22488038 129.6258993 149.8655041 284.8976977 161.0719483 381.1352723 
1520464785.98 101.4200239 132.2916916 153.3822115 286.4641215 158.233104 380.3567525 
1520468572.84 107.5974441 136.5678914 152.875 284.2344469 163.2084433 375.9229122 
1520472360.33 102.6773355 130.278077 150.0689655 276.9084719 156.3693931 381.6946505 
1520476148.65 106.1301397 132.0039992 152.3015809 286.6331051 160.6978447 385.5120329 
1520479936.41 109.6155386 133.8732254 154.0686687 284.6570048 154.8068896 388.304501 
1520483724.63 107.1156544 133.0488391 153.5577578 285.929232 160.4389352 382.35 
1520487511.94 107.1990388 133.0052021 153.536644 282.0402414 159.0004047 377.4893534 
1520491299.14 105.1259022 129.5705718 151.0289389 276.9587774 146.5549484 371.1459797 
1520495085.87 101.9512195 123.406993 148.9979932 275.4538893 152.2179903 360.6156847 
1520498872.20 99.46688013 122.253352 146.6641221 270.9525723 148.4224155 354.3220769 
